659	178,179,180
660	64,66
661	177,63
662	176,62
663	175,61
664	174,60,65
665	173,59
666	171,172
667	182,68
668	181,67
669	183,184
670	205,206
671	204,630
672	211,212
673	210,76
674	202,203
675	200,201
676	451,452
677	454,455
678	208,70,73
679	69,72
680	71,74
681	209,75
682	146,147
683	145,51
684	144,50
685	57,58
686	651,652
687	142,143
688	150,151
689	148,149
690	80,81
691	471,472
692	77,78
693	478,653
694	349,350
695	348,82
696	92,93
697	538,539
698	544,545
699	546,547
700	90,91
701	522,523
702	524,525
703	55,89
704	503,56
705	504,54
706	535,536
707	87,88
708	562,563
709	83,84
710	566,567
711	570,571
712	565,85
713	568,569
714	53,572
715	573,86
716	574,575
717	576,577
718	587,588
719	591,592
720	595,596
721	589,590
722	593,594
723	586,597
